world: ff996a99-53c8-4320-aa43-69506365c063
world-name: Shop
x: 1.4705372161230796
y: 4.0
z: -6.085957744645577
yaw: 0.5306396484375
pitch: 25.949995040893555
name: Shop
lastowner: 4d7d406d-f8a5-34e6-82cc-1a76e054637f
